
Cross-Validation 1

             precision    recall  f1-score   support

        0.0       0.37      0.70      0.48        60
        1.0       0.56      0.11      0.18        47
        2.0       0.27      0.12      0.16        59
        3.0       0.00      0.00      0.00        23
        4.0       0.80      0.09      0.16        46
        5.0       0.32      0.93      0.48        71
        6.0       0.00      0.00      0.00        38
        7.0       0.43      0.53      0.48        36
        8.0       0.00      0.00      0.00        42
        9.0       0.22      0.35      0.27        57
       10.0       0.33      0.02      0.04        50
       11.0       0.00      0.00      0.00        38
       12.0       0.00      0.00      0.00        20
       13.0       1.00      0.02      0.05        41
       14.0       0.54      0.72      0.62        39
       15.0       0.48      0.22      0.30        50
       16.0       0.31      0.69      0.43        72
       17.0       0.23      0.18      0.20        57
       18.0       0.14      0.25      0.18        71
       19.0       0.00      0.00      0.00        33
       20.0       0.19      0.50      0.27        70
       21.0       0.19      0.17      0.18        64
       22.0       0.39      0.51      0.44        65
       23.0       0.25      0.19      0.22        72
       24.0       0.23      0.12      0.15        52
       25.0       0.75      0.13      0.22        23
       26.0       0.33      0.16      0.21        51
       27.0       0.36      0.51      0.42        53
       28.0       0.00      0.00      0.00        26

avg / total       0.30      0.29      0.24      1426




Cross-Validation 2

             precision    recall  f1-score   support

        0.0       0.34      0.65      0.45        60
        1.0       0.40      0.09      0.14        47
        2.0       0.65      0.25      0.37        59
        3.0       0.00      0.00      0.00        23
        4.0       0.75      0.13      0.22        46
        5.0       0.30      0.92      0.45        71
        6.0       0.00      0.00      0.00        38
        7.0       0.71      0.61      0.66        36
        8.0       0.00      0.00      0.00        42
        9.0       0.32      0.47      0.38        57
       10.0       0.50      0.06      0.11        50
       11.0       0.00      0.00      0.00        38
       12.0       0.00      0.00      0.00        20
       13.0       1.00      0.02      0.05        41
       14.0       0.56      0.62      0.59        39
       15.0       0.54      0.26      0.35        50
       16.0       0.37      0.83      0.51        72
       17.0       0.27      0.14      0.18        57
       18.0       0.17      0.34      0.22        71
       19.0       0.50      0.03      0.06        33
       20.0       0.22      0.57      0.32        70
       21.0       0.18      0.20      0.19        64
       22.0       0.40      0.52      0.46        65
       23.0       0.23      0.22      0.23        72
       24.0       0.37      0.27      0.31        52
       25.0       1.00      0.09      0.16        23
       26.0       0.61      0.22      0.32        51
       27.0       0.34      0.40      0.37        53
       28.0       0.00      0.00      0.00        26

avg / total       0.37      0.32      0.27      1426




Cross-Validation 3

             precision    recall  f1-score   support

        0.0       0.40      0.67      0.50        60
        1.0       0.36      0.09      0.14        47
        2.0       0.35      0.12      0.18        59
        3.0       0.00      0.00      0.00        23
        4.0       0.80      0.17      0.29        46
        5.0       0.32      0.90      0.48        71
        6.0       0.00      0.00      0.00        38
        7.0       0.44      0.44      0.44        36
        8.0       0.00      0.00      0.00        42
        9.0       0.31      0.46      0.37        57
       10.0       0.67      0.04      0.08        50
       11.0       0.00      0.00      0.00        38
       12.0       0.00      0.00      0.00        20
       13.0       0.00      0.00      0.00        41
       14.0       0.57      0.62      0.59        39
       15.0       0.26      0.10      0.14        50
       16.0       0.33      0.75      0.46        72
       17.0       0.11      0.07      0.09        57
       18.0       0.17      0.31      0.22        71
       19.0       0.00      0.00      0.00        33
       20.0       0.22      0.59      0.32        70
       21.0       0.10      0.14      0.12        64
       22.0       0.31      0.48      0.38        65
       23.0       0.26      0.28      0.27        72
       24.0       0.44      0.33      0.37        52
       25.0       1.00      0.09      0.16        23
       26.0       0.35      0.12      0.18        51
       27.0       0.48      0.53      0.50        53
       28.0       0.00      0.00      0.00        26

avg / total       0.29      0.30      0.25      1426




Cross-Validation 4

             precision    recall  f1-score   support

        0.0       0.35      0.68      0.46        60
        1.0       0.33      0.06      0.11        47
        2.0       0.53      0.15      0.24        59
        3.0       0.00      0.00      0.00        23
        4.0       0.75      0.13      0.22        46
        5.0       0.30      0.92      0.45        71
        6.0       0.00      0.00      0.00        38
        7.0       0.33      0.36      0.35        36
        8.0       0.00      0.00      0.00        42
        9.0       0.26      0.40      0.32        57
       10.0       1.00      0.02      0.04        50
       11.0       0.00      0.00      0.00        38
       12.0       0.00      0.00      0.00        20
       13.0       1.00      0.02      0.05        41
       14.0       0.55      0.69      0.61        39
       15.0       0.46      0.24      0.32        50
       16.0       0.34      0.74      0.46        72
       17.0       0.22      0.14      0.17        57
       18.0       0.20      0.39      0.27        71
       19.0       0.00      0.00      0.00        33
       20.0       0.17      0.43      0.25        70
       21.0       0.23      0.27      0.25        64
       22.0       0.38      0.46      0.42        65
       23.0       0.20      0.19      0.20        72
       24.0       0.33      0.21      0.26        52
       25.0       0.83      0.22      0.34        23
       26.0       0.35      0.12      0.18        51
       27.0       0.31      0.38      0.34        53
       28.0       0.00      0.00      0.00        26

avg / total       0.33      0.30      0.24      1426




Cross-Validation 5

             precision    recall  f1-score   support

        0.0       0.35      0.67      0.46        60
        1.0       0.25      0.04      0.07        47
        2.0       0.40      0.20      0.27        59
        3.0       0.00      0.00      0.00        23
        4.0       0.75      0.20      0.31        46
        5.0       0.29      0.87      0.43        71
        6.0       0.00      0.00      0.00        38
        7.0       0.46      0.44      0.45        36
        8.0       0.00      0.00      0.00        42
        9.0       0.31      0.37      0.34        57
       10.0       0.40      0.04      0.07        50
       11.0       0.00      0.00      0.00        38
       12.0       0.00      0.00      0.00        20
       13.0       0.00      0.00      0.00        41
       14.0       0.50      0.62      0.55        39
       15.0       0.46      0.22      0.30        50
       16.0       0.33      0.71      0.45        72
       17.0       0.18      0.11      0.13        57
       18.0       0.17      0.30      0.22        71
       19.0       0.00      0.00      0.00        33
       20.0       0.18      0.56      0.27        70
       21.0       0.15      0.19      0.17        64
       22.0       0.36      0.40      0.38        65
       23.0       0.30      0.25      0.27        72
       24.0       0.47      0.35      0.40        52
       25.0       1.00      0.13      0.23        23
       26.0       0.42      0.16      0.23        51
       27.0       0.35      0.42      0.38        53
       28.0       0.00      0.00      0.00        26

avg / total       0.29      0.30      0.25      1426



